0.9792194689895207
0.9793116299658637
0.9793836479511522
0.9793905858004542
0.9793775340652217
0.9792885404680116
0.9792244605304133
0.9791768973993371
0.9791292461204433
0.9790802177674552
0.97904539244446
0.97907579874476
0.9789939113151996
0.9790716312269372
0.9790386081574419
0.9791451244598687
0.9792190633301406
0.9793144812899051
0.9795017426249498
0.9796820388198048
0.9799065182576795
0.980081466976419
0.9802203648268568
0.9803613505379589
0.98052890931165
0.9807202607510952
0.9809105353962068
0.9810258542010198
0.9812356526878405
0.9813417648805492
0.9814237630777843
0.9815200353105995
0.9816094382271053
0.9816692369245523
0.9817979548097919
0.9818926581758126
0.9819328013125412
0.9820225430532258
0.9819983568634638
0.9820242429235434
0.9821258167107765
0.9821101959310388
0.9821278892434296
0.9822513643961567
0.9822998447180387
0.9824635104331727
0.9825274664230643
0.9826539042732697
0.9828123785753206
0.9829341527156206
0.9830457699933045
0.9831719971984622
0.9832163490739917
1.0
1.0
1.0
1.0
1.0
1.0
1.0
1.0
1.0
1.0
1.0
1.0
1.0
1.0
1.0
1.0
1.0
1.0
1.0
1.0
1.0
1.0
1.0
1.0
1.0
1.0
1.0
1.0
1.0
1.0
1.0
1.0
1.0
1.0
1.0
1.0
1.0
1.0
1.0
1.0
1.0
1.0
