0.9020466158540759
0.9029782254183353
0.9036562540958081
0.9039518902743441
0.9044460807235799
0.9048613443334262
0.904982353260844
0.9052391657320334
0.9055348180185752
0.9056360448465622
0.9058036867380288
0.9059531164137284
0.9061377743147078
0.9063564404679881
0.90660275514291
0.9068077726303372
0.9072948639613546
0.9075985621161035
0.9080493261818813
0.9084472368159546
0.9089408816758291
0.9095369728905152
0.9104128792692587
0.910692424912706
0.9112545119516507
0.9119698344112007
0.912477494799585
0.9131448992017245
0.9136945978550616
0.9141687605298527
0.9149108316826912
0.9151742318430262
0.9156152101251088
0.9159863410830609
0.91666018401253
0.917116926029619
0.9176225090577893
0.9180053517106679
0.9184364897007524
0.9187479614370315
0.9193080065575412
0.9199371093866621
0.920133139262156
0.920879941439554
0.9213405272401967
0.9219732152930159
0.9222222559489058
0.9224244236228247
0.9232072270281606
0.923712243595407
0.9241811593020685
0.9245236563102528
0.9248192345324592
0.9254373343379234
0.9259317507395217
0.9261250476962702
0.9270730469023085
0.9276100857516021
0.9281459719167736
0.9284808625029475
0.9289760434512627
0.9298327399226657
0.9301537331080574
0.9307489753861619
0.9314188219032536
0.9319295865268141
0.9324476008201497
0.932931206348987
0.9335179121545188
0.9342118483104479
0.93463893626325
0.9351995350637958
0.9358835230991155
0.9362365337114177
0.9369431994022774
0.9373977657386053
0.9378186915918983
0.9380825518970298
0.938464154164059
0.9389477636648946
0.9390555841418221
0.9394351283861313
0.9395240612742085
0.9396662455374731
0.9401009694539023
0.9404743173926028
0.9404838666943215
0.9406339837362993
0.9410101346981744
0.9409961040227943
0.9412213290349911
0.9414947430703379
0.9415121607469569
0.9418682179657496
0.9422456701291981
