0.8021676788509663
0.8025988250131616
0.8031747140559347
0.802868096845641
0.8029037362551973
0.8020298167901285
0.8012992548141418
0.8008480216428993
0.7999157142508636
0.7987982296030379
0.7980486347171905
0.7974608696985886
0.7959563810928497
0.7963907235607499
0.7955838968272507
0.7957741118336007
0.7951878047083915
0.7953280629575277
0.7951893089482797
0.7944869871939835
0.7943052251850329
0.7946772396813446
0.7953760802106903
0.7968975927437396
0.7989547398933393
0.801936464145667
0.8051307833566085
0.8069635583682178
0.8098547492665013
0.811491314710986
0.8121185954395413
0.8128869660686436
0.8131479133234821
0.8128937345700589
0.8136262664803865
0.8132483224423067
0.8127290949922935
0.8130378332720234
0.8119715910296633
0.8116725416780899
0.8123218483397632
0.8116366795905734
0.8114966031312556
0.8123464176910516
0.8127665206569329
0.8141108141547462
0.8148164659150876
0.8157105544946283
0.8171761061067893
0.8183513483373507
0.8192977246313498
0.8198555334297122
0.8198517990373828
1.0000000000000009
1.000000000000001
1.0000000000000009
1.0000000000000007
1.0000000000000009
1.0000000000000004
1.0000000000000009
1.0000000000000007
1.000000000000001
1.0000000000000009
1.0000000000000013
1.000000000000001
1.0000000000000009
1.000000000000001
1.0000000000000009
1.0000000000000007
1.000000000000001
1.000000000000001
1.0000000000000009
1.0000000000000009
1.0000000000000007
1.0000000000000009
1.0000000000000009
1.000000000000001
1.000000000000001
1.0000000000000009
1.0000000000000007
1.0000000000000009
1.0000000000000009
1.0000000000000007
0.9999999999999996
1.0000000000000009
1.0000000000000009
1.0000000000000007
1.0000000000000007
1.0000000000000007
1.0000000000000009
1.0000000000000004
1.000000000000001
1.000000000000001
1.000000000000001
1.000000000000001
