0.7884292420482465
0.7880541597582053
0.7883703813181487
0.787950882661436
0.7882223475638054
0.7883688461825079
0.7885827840414937
0.7883909518641949
0.7884442333108572
0.7878456822813035
0.7874216542596344
0.7870523398659722
0.7860498881034937
0.7860310207800898
0.7853685501089303
0.7853723494428104
0.7841367327805423
0.784120371975278
0.7838465043315703
0.7833749419813107
0.7837957465120634
0.7838460694123325
0.7850689841675496
0.7860954655836949
0.787868878972122
0.7895508614931198
0.7919800655571159
0.7935927522575723
0.7958605039149117
0.796704690734226
0.7977349528854744
0.7986087436517353
0.7992067012970151
0.7993280068306804
0.7995979993025201
0.8000196375021075
0.7997894070526766
0.7999727127824688
0.7998269930088002
0.799745027400547
0.7999150572609077
0.7997818433138506
0.7992206097307687
0.7996754610881536
0.7999009049518425
0.8002105928219057
0.8002392249280492
0.8007415608265033
0.80184891770316
0.8025191079264108
0.8027750898547747
0.8028038396984877
0.8030810059425318
0.803839865035182
0.8039385699480239
0.8041780644010181
0.8048353154498594
0.8050560094555014
0.8052327608156823
0.8055755015139398
0.8053982345400754
0.8057888509143296
0.8050973925042622
0.8050798216413232
0.8052948585638288
0.8048865956244192
0.8049076461636594
0.8046286884700646
0.8052030565565577
0.8050703203031228
0.8054823879120632
0.8060427942661894
0.8066234150125711
0.8072431603402662
0.8080227634942774
0.808663630799305
0.8093255690180305
0.8094416176008847
0.8094375171880341
0.8094110668739114
0.8087817701392914
0.8084443063486537
0.8081808691905303
0.8088169241496672
0.8082614292998476
0.8082892289670148
0.8083162051552611
0.8083899642606313
0.8090878093978217
0.809376867887146
0.8093177643236781
0.8092552945232985
0.8086987290400927
0.8070130508324527
0.8040472684238141
